0.2949978149660155
0.2951636402504532
0.31012307217162466
0.29775165238810186
0.29453529471556683
0.30897607133468774
0.30024250785440443
0.3120265521864861
0.3136467318993771
0.30322638433842736
0.29752926127030094
0.3033635060628007
0.3108021895173294
0.29934841890297986
0.31244385670158314
0.3031189605564285
0.2989659992594752
0.2972084436333577
0.29932698135824326
0.29159792246723176
0.2987995850092253
0.296621850744024
0.2889259715330785
0.2996812535840616
0.28925995945268806
0.2845236281745433
0.29875999990913454
0.28299028964922734
0.28157804633057837
0.2800381978835305
0.2739366861298324
0.27126537748301444
0.2808878037034017
0.2778257428687171
0.27529777660233357
0.2655411105596493
0.26564775269398017
0.2544558221885435
0.2639884260755554
0.24986289870251605
0.24513009836205296
0.25734565933544923
0.23588856543427986
0.23152514081544173
0.23423830626378375
0.23037423057534093
0.23265881018977197
0.22619508116881193
0.22446904874983908
0.21704441957276027
0.21234755489829193
0.21202462634136024
0.20537563936896577
0.20391506308261195
0.18444169218582823
0.1979527692288855
0.18770790347376864
0.18164543101993752
0.17574672057976093
0.1692171369121156
0.17368908895017604
0.16262579335676897
0.14889749856173737
0.1552265813601246
0.13566094175704235
0.13131325878832403
0.1309662390722159
0.1265370072107026
0.11403727567040679
0.12177119589253592
0.1076464335729947
0.09614268363242948
0.09613409804814675
0.09463230859057668
0.08105474765604903
0.0748776812446279
0.07017574209108465
0.06687911690881132
0.06270937430022278
0.04808819150135002
0.04694871059831049
0.044021941891704094
0.034956156162357886
0.03596065965343366
0.023976121526643333
0.015104352062737601
0.023601053117971227
0.006049671138708941
-0.0037547429758916593
0.005004680458240674
-0.0024181929592211483
-0.021880802472835748
-0.013430272779080361
-0.035969731983601275
-0.03416425038915288
-0.04678156837530643
-0.03658306853195709
-0.050425946411560875
-0.055301589925528194
-0.06471757715839287
-0.060532263066326315
-0.07821917539697057
-0.08490322802017466
-0.09470490623438431
-0.09132310015647407
-0.10554753555178767
-0.11471303228771237
-0.10588435300922683
-0.11175280110301532
-0.11532764108536096
-0.12859949849016972
-0.12757353977752248
-0.13818739922437817
-0.14702148289444172
-0.1586218495476379
-0.15461651094553505
-0.17014526160545954
-0.17331724916735622
-0.17032883897290835
-0.18499455759756653
-0.17425647426740656
-0.179064812579345
-0.19317383944415514
-0.1937468112040311
-0.19597766137233916
-0.21157222115325122
-0.21716477260334233
-0.21014539255572406
-0.20948578836999338
-0.2309441575208751
-0.23004013642611387
-0.2383302915852231
-0.23211670271871232
-0.24349063308077698
-0.23902052709005484
-0.23574533431909905
-0.2454128197386932
-0.25321426075765047
-0.24944928485687654
-0.25748833782080033
-0.2629947946329959
-0.2640104166896958
-0.2622678152002836
-0.26253018224006947
-0.26854477756552386
-0.2792119210091895
-0.2810703296902474
-0.2721320995754184
-0.2788655695739098
-0.28766677334726865
-0.28783781454558166
-0.29902717555484837
-0.28688087315888006
-0.2857405904851884
-0.29965632092690686
-0.3010771644013222
-0.29211516420016076
-0.3016407354699447
-0.2992256797787918
-0.31043655261936726
-0.31191181730014145
-0.3035434439791323
-0.30633522585936
-0.2997266990774091
-0.31411758786315797
-0.29578931479120635
-0.30032708868761226
-0.30389457998906966
-0.30154258737818346
-0.3054821928835701
-0.3091114429040623
-0.2968183239952772
-0.29560727971714107
-0.29567931170719053
-0.30151008994163025
-0.29829810156620157
-0.29691405590686687
-0.3056923955524208
-0.3081746937815337
-0.28992584292021845
-0.29587889454779875
-0.29125832085213327
-0.29054284622204174
-0.28935958950927765
-0.2846584223246552
-0.2813682259194233
-0.27895336414805355
-0.2898829992125697
-0.285825416367614
-0.2833558590995883
-0.27686333392630424
-0.27536383138439197
-0.26503936692500124
-0.26430628928465116
-0.26438427868953246
-0.2533823302092447
-0.2592258300292616
-0.24963367264047545
-0.24645666052066045
-0.24799527342748293
-0.24855505612928558
-0.2342517904933459
-0.24213299195915053
-0.2337237060604926
-0.23493226579971907
-0.22642444874080228
-0.2162209134797838
-0.21102612587961717
-0.20896631792780482
-0.19739471609403064
-0.20685853326472972
-0.18477344530194656
-0.1965849021007035
-0.18307833359654965
-0.18831799988879802
-0.18259504765571535
-0.17477888367362832
-0.1726629840814691
-0.15213316907192417
-0.1558559402390048
-0.14121501156205776
-0.13795578422489532
-0.1374710895589004
-0.1343824013269214
-0.1374021844734222
-0.12126068361014997
-0.11062839956715811
-0.1146399370469475
-0.11254840660703981
-0.09389834503889277
-0.08614345446406166
-0.0946337569620063
-0.07665864970430672
-0.07496032119484194
-0.06096279732131489
-0.06579846932898853
-0.049161934288129865
-0.04632717343274208
-0.04974834827276774
-0.039800426237951096
-0.025997134279194027
-0.035295441423517704
-0.01618301724491066
-0.020798686363498933
-0.002547059548054351
-0.003623826842909744
0.012152600639272095
0.0051874978583957634
0.02308280647560168
0.016232554923622782
0.032262165557495476
0.03032595470019782
0.04403948769207422
0.0520379710736752
0.05105819582333638
0.059539878968201565
0.059537534993087594
0.06373183973290442
0.08329845917135277
0.08862952773498227
0.08075082282546345
0.0895219300763601
0.0896539418904689
0.10579280703631905
0.10362382386970923
0.108519925277359
0.1229725726869621
0.12527660911332014
0.13834782632276585
0.14126343847251452
0.15325596617452775
0.1510743011011267
0.14797444770108897
0.1509055901058982
0.1740538542044897
0.17312216388069013
0.16535101008788064
0.1825360133143341
0.1818243523195057
0.18403230868555503
0.1958772177674641
0.19620511766633844
0.2108358135418393
0.21455801560531693
0.21905225984889387
0.21289119121720704
0.22583044346875045
0.22828212214372362
0.2356641433910899
0.23366201691173577
0.2387468111611052
0.2407345559881249
0.23925449828618855
0.2411390127095643
0.26127939999907157
0.2652654330006404
0.25565026888558956
0.25581623067176956
0.25745788232057376
0.2726362694159253
0.27526511862399516
0.26524159218017024
0.2746827638097761
0.287437434024133
0.2775030135985636
0.28940277557605787
0.28903414679487544
0.2809346876623302
0.2953120939441491
0.2855604760675532
0.3021976752790366
0.2875716472474078
0.2968442019392283
0.29374332575620843
0.2982620596321881
0.3073726838571515
0.29481641028792865
0.30429517759292257
0.30756709955150546
0.29750128300926354
0.2998508888397108
0.3097860729789085
0.313736069015658
0.31349155388643607
0.3126151272270781
0.30168831745930885
0.2989900990305007
0.3000653137464295
0.30518651296003546
0.3112207286208371
0.31087053418166055
0.3128732966663139
0.3007667746926664
0.30916830376818993
0.2928556961773485
0.3073875632583311
0.3008723488030478
0.30262297431937857
0.29444810843813646
0.2845326849893595
0.2878541730072198
0.2865471373287616
0.2817099545388393
0.28661649779777076
0.28344236941391127
0.2736757183825832
0.26920360278271416
0.27068936950195066
0.26495943578316417
0.26995502843576324
0.25622712890093013
0.2720711017653199
0.26069885300251233
0.2538073901847879
0.25079279520984377
0.257806261595206
0.24006107513787436
0.23519620812822306
0.22822305054545017
0.2265947431655279
0.23621653010567698
0.21629911463376314
0.21604286453214225
0.2260324246583559
0.21064525276336935
0.20444229779734574
0.19828002379305945
0.19868416181918933
0.20333376761847968
0.19810605748945714
0.18924880669861316
0.187398990255854
0.1787375963398739
0.17577320038457142
0.16542053962841974
0.16571013345271832
0.1562452355286647
0.1469326305449187
0.1517950408427376
0.1471772839107048
0.12851917506669358
0.12300101961991944
0.12436343030528937
0.1188510772052334
0.10567822171025866
0.11210772543872453
0.1080567481706395
0.0925397027025036
0.09564802310045115
0.07406572270496331
0.08247201199904686
0.07721555045045543
0.0653053560268425
0.0486948283801107
0.04442588720648461
0.04895119129079423
0.04318993770970188
0.04140621060683619
0.022610006902244958
0.01724163189734237
0.019447929087266565
0.014110976498966442
-0.002547700262560952
-0.010327021207372198
-0.006469024019082392
-0.015310653200382877
-0.029467444533180467
-0.028810965010952542
-0.0379729908535951
-0.03428399324827054
-0.043337175987559304
-0.04611695012202731
-0.050634038142991035
-0.06965002176616075
-0.07442837661846735
-0.08303978765411879
-0.08332175595465588
-0.0822655341263907
-0.09143147421816515
-0.10408128121604893
-0.11092175774600477
-0.10953156820805247
-0.11918907730458259
-0.11628188031020975
-0.11752156046882918
-0.1348509843701566
-0.13435487515025193
-0.13521791260036137
-0.146818429711537
-0.15120961166565858
-0.16467530919447232
-0.17129951273652444
-0.16697561976419484
-0.18215591604490397
-0.17606224601236015
-0.18765697000653836
-0.17969414125349525
-0.19728430973971953
-0.20408404982231668
-0.21122503232391768
-0.20010604641681304
-0.22045188838188584
-0.21810312864543357
-0.22828763460631313
-0.23271561691436282
-0.227243409091954
-0.23728549549865627
-0.22792542294776694
-0.2369528969778039
-0.24280979110502657
-0.25382242701939534
-0.26100888348418777
-0.25698523141478774
-0.24906352353962305
-0.25615373819520865
-0.264798165701028
-0.2734837640377814
-0.2634197086828565
-0.2729368841207947
-0.2677721169276046
-0.2744039548712417
-0.28085581105306273
-0.2922924462565351
-0.2931584876147446
-0.2962436751979725
-0.29116379216187777
-0.29734680797367447
-0.29983161016951215
-0.2907741519923487
-0.29545065969675155
-0.29253580199654444
-0.29319196412378284
-0.3039258400997189
-0.3110359347068727
-0.29305623818235255
-0.3120476276245736
-0.29911824956897126
-0.3040030432257742
-0.3017244166167071
-0.30072576474023655
-0.29986621232789523
-0.3090711419121271
-0.310643564854111
-0.303305430853347
-0.3122419015976327
-0.29832153333686756
-0.2947391015472026
-0.2942515064690219
-0.3120836738125804
-0.30175504078444965
-0.2970169611821938
-0.30549701073681973
-0.30344678951862725
-0.28968432498046476
-0.2878880265217429
-0.3007665238852531
-0.2872887036930988
-0.29647389848078365
-0.2842752592383591
-0.29203204164946694
-0.2871425111786628
-0.2733016524245335
-0.27276858848053576
-0.27755678559260055
-0.28274702413845043
-0.27226267668650106
-0.26590670333361643
-0.27408056116293017
-0.25550177122499
-0.2500114093615648
-0.2502148553171869
-0.2533948001909395
-0.2529114625464941
-0.23762647799330575
-0.2505859002683405
-0.22901059372323473
-0.23106889191340935
-0.22288827473400197
-0.2293372070698323
-0.22119176385426892
-0.22098953727052495
-0.22166329139594163
-0.20891087227438462
-0.20343969197639108
-0.1902032928338565
-0.1986171752273488
-0.18219764916508
-0.19040011470365378
-0.18126283427328507
-0.16766352455271888
-0.1680388895877334
-0.17523850405320168
-0.16962412938245203
-0.16502413326824983
-0.15049742436821273
-0.14642536881312115
-0.14182438395281577
-0.13472308222431587
-0.12009036532551656
-0.132214327513111
-0.11989270018587411
-0.11577295212023127
-0.10251275146655531
-0.10220992485052445
-0.08541189804999873
-0.09770099427696913
-0.08587042004644514
-0.06816484734694916
-0.07956110861516683
-0.07310723870121784
-0.04990664213177139
-0.06041754509088938
-0.05327332594408326
-0.0464200790712282
-0.03151039488571859
-0.029743608374742665
-0.0317024050392028
-0.021306600780791777
-0.018324225602957694
-0.005303362066513599
-0.003135503593758594
0.012159592634337593
0.010128409208771134
0.021612585212002343
0.02233082097657112
0.03706708335230333
0.031287100847759715
0.04160079781666965
0.055765911416955694
0.06553878236732665
0.07053636131717234
0.07789631822084415
0.0777699356598919
0.07662157144435737
0.07676139324738088
0.08319666797164696
0.09202700902080391
0.10086030078900095
0.10820519246363214
0.11903241785577641
0.12194860649607706
0.1227968516068987
0.12296963662100374
0.13307861961583353
0.13698967669536208
0.15509804466304125
0.1514594535541971
0.16615455409345525
0.1657291618059788
0.17488393876026298
0.17404616065654432
0.1888574934355281
0.1842579074134593
0.19046369212231024
0.18835131003951902
0.20657283575862526
0.19826010809645825
0.20091082698694138
0.2098195673493336
0.2239827456047601
0.21363549459217973
0.2298974081235179
0.22599411286967025
0.23988510428366994
0.24194578189834043
0.2397654591228223
0.2429558955405753
0.24222401052301534
0.2444965569178147
0.2520973340169386
0.26421363903883527
0.2557609879856406
0.2713687600126208
0.27604743017084254
0.2678050293833339
0.2668566817249137
0.27483787289045947
0.2701690163985202
0.2894703436328102
0.27947626795197383
0.29525468615976574
0.27974613948496513
0.28874522129241464
0.296028885875639
0.29349254885312925
0.300622996133866
0.3051403994134797
0.30216137932900616
0.30516968934461364
0.3029419463680664
0.30703463792571
0.3072639618661471
0.307350420687321
0.2970848666987714
0.31221350423210714
0.2954053894278597
0.31459287225941934
0.3076932200537708
0.31456490099917184
0.29844161190742274
0.30182326115465097
0.3022667380195367
0.2999918953160119
0.2967205627429661
0.31102178193606766
0.31293037708543286
0.29612744382236084
0.2957720200880698
0.3093771606346544
0.30347007711165214
0.2945143229508298
0.29558611637468246
0.29277754480060453
0.3002023589492888
0.28186094525125893
0.28744464559853955
0.29073315712090464
0.2898669152712223
0.2900745931587314
0.2756701160895147
0.27221224558736473
0.27763217092225617
0.27289289047743404
0.268121009595281
0.2603341585789338
0.26214738033061763
0.26630466667970254
0.2548322780741551
0.25139173090463635
0.24007452386867756
0.2489061885607048
0.2401500209439686
0.23984803276285915
0.23976557082207917
0.2269587013879721
0.2226983331652906
0.2233940950325778
0.21433463549069107
0.21279182985648296
0.20078714299506298
0.19877044315474485
0.19054498592724423
0.19600049536313663
0.19645347899412136
0.18403194499061648
0.18483811278988732
0.17983521045505232
0.17208283230664206
0.17240992783142314
0.16495634559248795
0.148167239113209
0.14558815524129065
0.13909424070131637
0.14411171359890332
0.1399214842621627
0.12424141794953393
0.129144282220552
0.11647131421471293
0.12002470802543969
0.09634669949745484
0.09872875876044673
0.09854537399497973
0.09583864212421134
0.07797132490508935
0.07852477869367869
0.066975884334709
0.05937004513679192
0.054134534240016345
0.04963418239214364
0.049918312621220665
0.03497741248233662
0.03997169346778554
0.029992211734774916
0.032654956806976616
0.01870875073171411
0.011744710460320745
0.012456705179056301
0.008092235069848552
-0.007615127574167737
-0.016569544454155892
-0.02545461903553487
-0.027115672707500135
-0.03146127906228688
-0.0378350461009269
-0.037453206254803154
-0.060160394463571576
-0.05827867726815296
-0.07009957857125945
-0.07160173827822408
-0.08132173742295347
-0.08029711553658908
-0.08974422306570913
-0.0874243941710714
-0.10712625775889656
-0.10143752111463909
-0.10029100161785487
-0.10692994344784347
-0.12738582615195373
-0.11990425900532128
-0.14122241243146527
-0.1462833039731141
-0.13500011018699165
-0.1488920086601858
-0.15895794949569841
-0.15848755519784957
-0.17343740234996166
-0.16396176974426752
-0.18346482621309543
-0.18442720481483232
-0.18910807825117992
-0.17949509632126373
-0.19423005939756308
-0.20233608515276
-0.19357386787574207
-0.21700244575089467
-0.21667488001025237
-0.2206431123006789
-0.22756586758400996
-0.23439703271078333
-0.2374607287844328
-0.23602151833377039
-0.23381546060923036
-0.23508046868769722
-0.23536222067664023
-0.25661179858918365
-0.25945533150208044
-0.26461998284977956
-0.2551542728409905
-0.2545214462565713
-0.26634658291871827
-0.2665440444568915
-0.2673261968416486
-0.27581121953102555
-0.28293342999988663
-0.2724802837410517
-0.2886084252629539
-0.28159652110043976
-0.27803641853520095
-0.28736358459560085
-0.28108343352717763
-0.2937746615812728
-0.29207564642629347
-0.28592210354820624
-0.30061424341077747
-0.3062033552272731
-0.3011502122668966
-0.2925734158816207
-0.29335154245798384
-0.29287690526993754
-0.30437501529265604
-0.30375547394397284
-0.30979257804302157
-0.3038502433855614
-0.3095302039533807
-0.311065362359724
-0.30169246544357764
-0.30818829465383907
-0.29794224674042297
-0.31118935728333846
-0.308497596533598
-0.3097118975320239
-0.2981716936700362
-0.30747382694524183
-0.29252424091926654
-0.3027609618547057
-0.2942436665261264
-0.3025290006854868
-0.30079535426635684
-0.29930629627145194
-0.29624983941826494
-0.2893979610463092
-0.29906207473188495
-0.2897182313861051
-0.2882446802013639
-0.2805170483879312
-0.28088568155899446
-0.27576042621807656
-0.2859726556632486
-0.2697428524216816
-0.2719053658407876
-0.2744610674430914
-0.2710477641216293
-0.27262326937886994
-0.2572736693240227
-0.2579413294440698
-0.250285706197908
-0.24854421761208623
-0.23655067365583343
-0.24244055472814444
-0.23108027795578429
-0.24388221176146888
-0.22879788387682592
-0.22924279686956428
-0.22468667032860687
-0.22443665692455014
-0.2226518524836886
-0.2009546265325981
-0.2017630316033241
-0.1938331165480089
-0.19930364671293455
-0.20140372750575222
-0.195185078126677
-0.1728993295690187
-0.17055082034902938
-0.1804145157613303
-0.17373685934644315
-0.15755145258206768
-0.15862133511981533
-0.15803572324368936
-0.14088139447922224
-0.1329792076591587
-0.1342429987640369
-0.13253217480305332
-0.1254193835152878
-0.11081716098362213
-0.11289335935195918
-0.09936793589008372
-0.09962221910387016
-0.09484037541725908
-0.08318036002013875
-0.0834088245913326
-0.06781624896119946
-0.07771118933366179
-0.06582500512805645
-0.06378115626274798
-0.05382777191940005
-0.056958665819017096
-0.03581643982735137
-0.031712465083708924
-0.02950694398529509
-0.023687010528754174
-0.022876799622663525
-0.005699162644687219
-0.008751404435575165
-0.00538760422711488
0.012162147433572374
0.0058685058291224135
0.02948327425410563
0.024711120077026798
0.036663843883384305
0.03235136249719221
0.05313163891954507
0.0552609035447096
0.05923722425571281
0.06636691612638601
0.07011457222531767
0.06679346148057415
0.08179579225958084
0.09066413101220636
0.09167455824607483
0.09890906592687349
0.10877805499482064
0.1142293434551885
0.11448949589303854
0.12725446580042418
0.12771982335460508
0.13363428760682475
0.14272930614982124
0.14268047615925192
0.1467066394855995
0.15625967122567885
0.16441117440255743
0.1704031560518099
0.16852156592939863
0.16562347890601692
0.16874304125619263
0.184621300083547
0.19255009047688376
0.18993512509828747
0.20235944310450896
0.19276733301611043
0.20451770927158058
0.20465995513657437
0.21512416443619922
0.21253325435252504
0.2291687819961666
0.22746665677164146
0.22307645061883496
0.23924660437809359
0.2394172411700768
0.24885136880309472
0.24181551052638095
0.24601197382433596
0.24594862689344762
0.25715496103117225
0.2606391384444178
0.26662064861403023
0.2695017684133911
0.26580235367132027
0.26626162178427343
0.2805999046269199
0.2712833093407292
0.2772938809872064
0.27636661175619104
0.28198612563469966
0.2779194151947658
0.28374483619229823
0.2890532213399718
0.2973387437580847
0.2986972087165155
0.2946175834826306
0.2977902020018141
0.30777169362072926
0.29961286752682853
0.3104834210190587
0.3121678872815682
0.3070721919796064
0.30252470755657884
0.29584421319134885
0.2975672593390404
0.3005173796799566
0.30135420787037126
0.29731693429537814
0.29869374006561983
0.30869132015118944
0.3034335320235926
0.30158212849989474
0.30927733411056596
0.3054448461812065
0.29414734119424546
0.3026034173763719
0.29650254656778663
0.29088087411189467
0.30401487519676074
0.2925726041804954
0.29155455653630635
0.3013699399098775
0.291066628726927
0.28140642891364226
0.286031184182251
0.2906148810919303
0.2871442083277028
0.2758317914347244
0.2876530218191054
0.27342634326276316
0.2751285575121027
0.27968784941786845
0.27043245309938524
0.2743391252821325
0.25601636088512847
0.2678544378536692
0.2661579810792495
0.2523298371678848
0.2529943327903331
0.23685653455166358
0.23761140957047983
0.22939014864181265
0.23858691864585496
0.22182530652352886
0.2208618997241184
0.22838752790773706
0.2107760920345516
0.2100042090787833
0.20849071394580457
0.20341396166341674
0.2008069388654213
0.20554220133749393
0.1842757253858144
0.18642537605882084
0.17436261483957158
0.16765586480937275
0.17263901036387566
0.17446361159324184
0.15766349302567986
0.1496595396281387
0.16117596267676979
0.15293395817462757
0.13767547974590003
0.1421481391530514
0.12081598347197547
0.11586244465638904
0.1117965893217314
0.10964290917432191
0.1161113484965841
0.11137487635538568
0.08781251099809165
0.08679903157453112
0.07512424447172206
0.07151645054551765
0.08152648184417403
0.06088081580810577
0.0694133493522255
0.05809738299970869
0.039589052245198084
0.04418959846324787
0.03843617871934034
0.030237149676105263
0.030475228064375214
0.02743730647641688
0.021319126172634296
-0.0038689814596188383
0.005162725401887046
-0.005445476002702758
-0.021511296696785868
-0.014573555461838637
-0.031061068376836292
-0.033479837361539845
-0.04474339946357843
-0.03339857957982549
-0.04039099126396637
-0.06051460722077954
-0.05924185636063457
-0.07419665384750145
-0.07381395204506208
-0.07442103584265054
-0.092433583343488
-0.08943473453983634
-0.09230968987857781
-0.10636091298452273
-0.10031303512921168
-0.12339208682780217
-0.12011560654709608
-0.1164076827175147
-0.12270358246240021
-0.1342247290604067
-0.13658259690346633
-0.15196466530767977
-0.1604605424150202
-0.14839180989517103
-0.17220284137309574
-0.17666799488722115
-0.16466524173543337
-0.18403368872885145
-0.17617887275727376
-0.19496205775458472
-0.1889811747343778
-0.20590725008633154
-0.19549812153570054
-0.19750842198163773
-0.21169504326504118
-0.21461455434022517
-0.22906753360720597
-0.22681783808917091
-0.22200671429115773
-0.23236883456720198
-0.2428614535359388
-0.2402824627182418
-0.24846029157270702
-0.24513591569772766
-0.25187482261952143
-0.26082756463027956
-0.2672303624053013
-0.252415340389135
-0.2641915303906632
-0.2698194322908636
-0.27478360913852445
-0.2633811428110672
-0.2800529561339313
-0.28379624251931235
-0.2784039621075626
-0.2888832650055223
-0.2926180714041239
-0.296002434553285
-0.2929872799907521
-0.2833526651331943
-0.28429373853598383
-0.2865184016746367
-0.29099343789204646
-0.2915313514063506
-0.30462113464201107
-0.30018395299126116
-0.30863162250589277
-0.30393173299412585
-0.2946892456951824
-0.3009725270425103
-0.30861851806499185
-0.30356984324902564
-0.3057143461741657
-0.3157583056884995
-0.30079076912393427
-0.30118187074283714
-0.31376048316175137
-0.2998979445618034
-0.31136134719835634
-0.2966484462427752
-0.3049600897515537
-0.3090088287403617
-0.2939814137195064
-0.30063071744157527
-0.29638303238529157
-0.30796433555436
-0.3050160618509889
-0.29238115707768386
-0.3021152429558516
-0.2965597678835437
-0.2967744748498467
-0.28314003276570676
-0.2848171960175597
-0.28986975373988144
-0.2748943670535501
-0.2823260289435898
-0.2686009154448876
-0.2843372753046629
-0.2743961588846499
-0.2686051816786239
-0.27388302531268366
-0.2541212055077714
-0.26052528489099025
-0.26469187581884995
-0.24663373154495355
-0.2507184589481112
-0.24795395474141557
-0.236521153253873
-0.24371403126384866
-0.23115604722808797
-0.23540253942280182
-0.2177843626008831
-0.21661436153187127
-0.21718813823759214
-0.21643013375489728
-0.216340758120086
-0.2020569486550643
-0.20215530839464635
-0.20426236191024336
-0.18647691243424533
-0.18734692366998887
-0.1800929694508474
-0.18107368988179495
-0.17490739848554968
-0.1729616731945106
-0.1604475065314963
-0.1532796714562289
-0.15302907884339959
-0.14503685453398552
-0.14190588003912774
-0.13309290011088282
-0.1343155716500214
-0.12159434135604802
-0.12077352225447896
-0.11769198096795119
-0.1020557207365932
-0.11021004240646488
-0.09491316284828064
-0.09681593238221178
-0.09319120979022101
-0.0725510938097528
-0.07234147408124382
-0.07633320444308832
-0.06856411633525969
-0.04797438846593946
-0.048848515239748994
-0.037162594309771736
-0.030622424847379467
-0.028228790534308726
-0.021840354739206945
-0.023132929345284395
-0.002305285606417023
0.00124763091125611
0.008494933667627871
0.006858375974689128
0.016631843703506108
0.018972496837152596
0.02771840705577084
0.02925657133823254
0.03241246529588679
0.03968604075443102
0.040930562617942354
0.05325829367456314
0.06004477977208705
0.0733162304082439
0.06303944830751587
0.07113121622217862
0.08625408155678577
0.09209679768348752
0.08869686149328841
0.09226879911090527
0.11441246267532061
0.1126960201674598
0.11002262149549077
0.12508767679775543
0.1323883749348498
0.13164504776417543
0.1495782958908384
0.14241894722187132
0.14576061285097244
0.15026703239509573
0.17006319899304445
0.16236406903623704
0.16841747379084082
0.17967969624029448
0.1769652466671372
0.19619972984310005
0.1919782973135671
0.19927996360393846
0.20914049649277283
0.2045199396726597
0.20170166075793
0.22032868979131526
0.21260252353705975
0.2293239816303483
0.21997847670087164
0.23812840555006196
0.2379807275503686
0.2320156132539054
0.2359420630151387
0.23802430760173976
0.24558084490996654
0.26194961710008224
0.2565275081361404
0.2582581059117937
0.26569350383862667
0.273179584853658
0.26088305328605915
0.26685147815772836
0.2833977404581736
0.271097199870327
0.2885096255557115
0.2769002789264626
0.27596193395037105
0.29517602825904593
0.2948002905744032
0.2947172815964685
0.28786890613497557
0.28885745639328086
0.2996453580785722
0.29564355637263595
0.3036468052393812
0.3103353858337587
0.2928003647929498
0.30487409977919117
0.31029775326353454
0.2996614846517426
0.3059107673631848
0.30079917348554835
0.3119290207480172
0.303603837725096
0.2990801471679815
0.31124806382353265
0.31419658459071925
0.3056651999174247
0.31328622865809286
0.3073244511414347
0.3092521068465575
0.29830328545192397
0.2955120508230102
0.3066946597203588
0.30262400488919394
0.29112641786650434
0.3043557988758663
0.2975339076010005
0.2938241136905762
0.28690921642850964
0.2922779724819685
0.289040124298534
0.2964815279330288
0.2949704053818358
0.2885901206999951
0.28808913374351325
0.2744742475832363
0.27131200430748503
0.2787247174237759
0.27471949838993354
0.276674878957199
0.26422235008651956
0.26728564451852466
0.25625871840811243
0.2586281565366546
0.24093017338630082
0.24089064297676321
0.2513171088067699
0.23648181306302654
0.2450881239410883
0.23577861143686643
0.22401875582337527
0.22422409675980087
0.2262560153534791
0.20537909908656402
0.21933625770447646
0.19913117475217354
0.20468806937269307
0.20101149391841014
0.20259024102641687
0.1781374198633395
0.19127413254275052
0.18496767832781086
0.1694634226141286
0.17294270860427544
0.16510949366379776
0.15010393738988925
0.14339932621015786
0.1550354628347762
0.14958482942679044
0.13597220795900838
0.12230140751115659
0.1175253146109776
0.12416924122994273
0.10998718920587078
0.11553162162127707
0.11017404161688253
0.08827686150810723
0.08703806949140391
0.08591964840473773
0.08303882325011974
0.07067337325458342
0.05997538378163084
0.061784357540907074
0.06319062437189205
0.054982317443691954
0.03429631423482844
0.030051187684583286
0.028537565643098853
0.01617875790369153
0.023850115098571587
0.013514410939788779
0.005213180935523034
0.0051316029744439065
-0.015666720495788912
-0.004277487875905291
-0.02006787140594843
-0.018725765954445514
-0.03914231702311646
-0.03933394405776976
-0.04680336983105337
-0.043226075823703886
-0.05222492612206283
-0.06966706418273169
-0.0672760601991299
-0.07752045797482088
-0.08069883148759348
-0.0809884531382962
-0.09853775878107464
-0.09016456525879278
-0.09965426879685926
-0.11082339064591652
-0.11436685289555248
-0.1227326188181861
-0.12428127539687858
-0.13925554066156418
-0.13761003820767306
-0.13548879261899746
-0.1446118461804071
-0.15297450950431044
-0.15895896417458744
-0.16454981020960815
-0.16302236951752264
-0.17292865270150817
-0.17226509282668426
-0.18718638834988516
-0.1854577444465825
-0.1950309101212579
-0.20544954108947278
-0.20634203321363323
-0.20517576054639144
-0.21039151058957373
-0.22194463550736754
-0.2146560077019342
-0.2283437229110474
-0.23168025262225211
-0.23340111863604113
-0.2401463315118733
-0.24696307419931052
-0.24542701250612084
-0.24398176156892726
-0.24145838372680492
-0.2527600692533033
-0.25413781542983666
-0.2668135478462461
-0.255569745499524
-0.25743243433353497
-0.2756922929905709
-0.2810505281302881
-0.2734568466074914
-0.26907090923093463
-0.2883932529177577
-0.2763981297815498
-0.29349528690913174
-0.28047469581575957
-0.2906299357011842
-0.28828438801135436
-0.30251534435038996
-0.2905514379547559
-0.29140582085165595
-0.2972285927454439
-0.2989258012686073
-0.3102842977155433
-0.29937683688700667
-0.3080337587123548
-0.3031226965270665
-0.30907665983498667
-0.3025136100213308
-0.3042158270091024
-0.3092985607657248
-0.3013231535805355
-0.30079343985086465
-0.29965131050613036
-0.30998918977663353
-0.3037850907190998
-0.31473329016242757
-0.31403871938679767
-0.31021567943280737
-0.30852445082513164
-0.2938055686717293
-0.3084829148985638
-0.29127036715854815
-0.29547496874580337
-0.2983385273737578
-0.2917984243213436
-0.29135221023435914
-0.2858599008150268
-0.29294726610429916
-0.2955616090098811
-0.29630410566341975
-0.2925777875969794
-0.273529137693012
-0.2744121374412476
-0.2870215062430667
-0.27202306422561545
-0.26918588721319636
-0.26713644420021704
-0.2664035186251084
-0.26049949957778257
-0.2579051215652988
-0.2513737376768762
-0.25546349771046256
-0.256344324453038
-0.24117183918472168
-0.23599499493886583
-0.24791281774635207
-0.24138189158712645
-0.22654967642065063
-0.22014328231451266
-0.23098711615984988
-0.22406463636330037
-0.21577007018254443
-0.21609166518361814
-0.2123067674006685
-0.20824814044506995
-0.19163484369533018
-0.20064318453005603
-0.17831526834746483
-0.17933518907554352
-0.17605588593251326
-0.1653530506355449
-0.16292510314222072
-0.157427109353573
-0.16208937539998008
-0.1432004517066366
-0.15000715477834972
-0.1377224660871151
-0.1284571464788738
-0.13906292592804045
-0.13463306272028636
-0.1187974193876541
-0.10621145410357832
-0.11159079911150849
-0.1002856730742069
-0.08856558599362896
-0.08294370856234556
-0.09221461376390742
-0.08397106398185558
-0.06675145092330681
-0.07388931930586498
-0.06248463928195915
-0.06504197746655858
-0.04550658006280548
-0.045116388785296835
-0.03867635850407028
-0.02212963922972063
-0.028993943054010936
-0.017061913880971377
-0.009130948565842078
-0.007653576828655653
0.008636294217397736
0.008517866694651618
0.01592139724019464
0.018611628954242725
0.02218588726879754
0.028475928028798517
0.027162531780425905
0.03626768240008077
0.051585027832065616
0.04664486110476861
0.06393608707531147
0.06129678279778982
0.07112553281676448
0.08776226016720935
0.07481179223290609
0.09291552862459967
0.0863863519003143
0.10759836816998769
0.11356194807436014
0.10514805873517609
0.1192076190058367
0.11424413901931024
0.1351008956415447
0.13040119502878916
0.13363694717687336
0.1543274285433662
0.14259305280234608
0.16123083432656063
0.1573726793164203
0.1752256101935652
0.17099006813442189
0.18185812075144603
0.17628252273230602
0.1787411695278871
0.1922457067154432
0.20039141530988458
0.20311291650934082
0.20237078709449183
0.21986491021067542
0.2173210222945794
0.21769003438926776
0.23028928788158118
0.2212852325031091
0.2329341321275948
0.2436222006166961
0.23886086766618547
0.2501937716881833
0.24113053564081316
0.25882215770758576
0.2500797895742848
0.24994611262093352
0.2700630065748125
0.2596957538570306
0.267589599371445
0.2700008595703063
0.27867120178363536
0.2793034726265012
0.28629257485568854
0.2760002660444253
0.2850958190355661
0.2898703120079827
0.2968273384573572
0.2803396593600147
0.2916089964472844
0.2908796732051016
0.28946703041120125
0.28653032426133207
0.3018680585182762
0.2979995600603565
0.30020968255660513
0.3063824702333911
0.2940862389249177
0.30269217285331385
0.2945359871720988
0.30837074363489514
0.29844487581300616
0.3098478761285699
0.31381964400601803
0.3013161365297778
0.2977086697394756
0.2986054921274059
0.31458344211704675
0.29747258985633956
0.3135942565109922
0.30569788866265424
0.3126913539606124
0.2950713172202214
0.3092194738954068
0.3006020483183913
0.3005596620600193
0.30649708120791014
0.28694270371129427
0.2948909546456894
0.2910145707394518
0.28611372596021634
0.28721225273167744
0.28472179177668155
0.28993862574505563
0.2923812651384047
0.2745475029749589
0.276315385039076
0.2767154215323221
0.2684630054600318
0.275047733836206
0.2630515373498541
0.26990584575831683
0.2624976566393164
0.2548420144374344
0.2479441636829766
0.25700927267349105
0.25501987009321536
0.25350458395951275
0.24051565676908476
0.23142188866660457
0.23488296401913433
0.22612679897842486
0.22958311472224205
0.22600197618871565
0.22584419557867563
0.21672181066707843
0.21247425608935763
0.19276347023565427
0.18927086850808542
0.18406401884211943
0.19682805966454503
0.18597489278261142
0.18803588976675964
0.1771374947726598
0.16733764103841883
0.16986884660681872
0.15144794511042683
0.14609165747805072
0.14634842165408504
0.1433569121411646
0.1384306448078628
0.12184057876808796
0.11973321790161662
0.11133476825967413
0.12389521011231883
0.10278725941432637
0.10109834414730574
0.09881849444636306
0.09004354574363578
0.08750590631435078
0.08445879601118401
0.0811091908121837
0.07741246751682286
0.05352894008850448
0.04882993057812296
0.044289496331880535
0.03510249308933255
0.033188861389977314
0.04075682252929906
0.021726787518605357
0.021726557097400186
0.016074020885123594
0.01359396095052416
0.010699543627981587
-0.00439873081937245
-0.014624130476862424
-0.015399467977963334
-0.024685771373688725
-0.030307094831109237
-0.03228195950247696
-0.04733275453164655
-0.05541957397721661
-0.05796852828780244
-0.06612510936141627
-0.07039454490537071
-0.08003510132211414
-0.08618420546614859
-0.086413808249557
-0.08395818995952853
-0.09550455696224269
-0.09600809218565048
-0.10603541394833131
-0.10894764804064119
-0.11352349285050856
-0.11819354502955463
-0.1325254062017724
-0.13934532459174628
-0.13036143541658132
-0.14041275179554177
-0.16017675707592036
-0.15673563916460884
-0.1660066948215755
-0.1584742995832154
-0.16456349878286902
-0.17089853491046897
-0.1881657239349647
-0.1873972712631516
-0.1944002410403558
-0.20222570400795575
-0.19136997752200105
-0.19588247541704337
-0.21895952489539458
-0.21013219232950223
-0.2237528038739402
-0.21912907972651852
-0.2288213813279783
-0.22181521239952293
-0.23128588558225277
-0.2469425943692764
-0.23812673181263286
-0.24366076428990524
-0.2583378448875897
-0.2612559992261698
-0.2558864233849697
-0.2554798649680362
-0.2610311874708451
-0.2704940338887501
-0.26875529193761477
-0.2636282010513419
-0.27291595547293934
-0.2811819187433185
-0.282065372025611
-0.28631475214272933
-0.29174356387609596
-0.28658692114358986
-0.27898549960113644
-0.2964055642860601
-0.2951657932801412
-0.30093315143898214
-0.29663437029551304
-0.28867715446129805
-0.3079501293384618
-0.2927911289527501
-0.2939573179298067
-0.30856397261177787
-0.3012398203387871
-0.31360388543289774
-0.3064680868248381
-0.3024975675533818
-0.3122932042628462
-0.31552912709859504
-0.3112604989586377
-0.31113441359456634
-0.2997624605537075
-0.29980784209097194
-0.3064702765349596
-0.3061836877119004
-0.30938754825000453
-0.31249796723615103
-0.3074498892188029
-0.29608448098936035
-0.3070396455748032
-0.3050495276780079
-0.2934320094854894
-0.28877881213726775
-0.2912829100903531
-0.28458494264218515
-0.28281746470621477
-0.28210868452663035
-0.29669675322950445
-0.28811346284163425
-0.2795443493402108
-0.27219855388086966
-0.2722496450886951
-0.2702493593650745
-0.2761525351390506
-0.2644405371477961
-0.27586065399367915
-0.26071443375193915
-0.2526265111851726
-0.2680722125086826
-0.26256733950848027
-0.2578732354368445
-0.25355677228855683
-0.24503355938182453
-0.23395287575314494
-0.22837410262155908
-0.22302162193332573
-0.23382277321284375
-0.23214185164289727
-0.2129658996700564
-0.2113610171409139
-0.20246456722030892
-0.20725453039697164
-0.2032881938872355
-0.18982536479387072
-0.19077824890164638
-0.1883964911562433
-0.18576026838607917
-0.1850675404924058
-0.18242020049170857
-0.17507699031870394
-0.17289846850701523
-0.15331902633280345
-0.15696920340612203
-0.14158913995274294
-0.1508683169658857
-0.13888709290079373
-0.12397899691385057
-0.12581348537706283
-0.12464672477796489
-0.12370830521453186
-0.11173091673409984
-0.10129553002385827
-0.09789059085588542
-0.09555956978078163
-0.08686059605920399
-0.07184781247466146
-0.06834754005958076
-0.07564216841361139
-0.07046344819468216
-0.06072034707052783
-0.055972171354810356
-0.05176174289244617
-0.04092858043932151
-0.04150140197710821
-0.024201999550811065
-0.01567328980772831
-0.01326175063554585
-0.0005346028719061969
0.002260912699210431
0.009988305054795645
0.002084435606818317
0.009775402120870184
0.016578882598057836
0.02078863422973121
0.02576611340024944
0.04984356786939169
0.04256070774667555
0.055964243200222225
0.06351166676950512
0.057248708682415314
0.0638662066269451
0.07133016192183411
0.07334722552154048
0.08496832086565108
0.10095243249222577
0.09860875063533435
0.10883272373258585
0.10712062842333768
0.11628052789645706
0.1216399753777944
0.1286600151747998
0.13026953006413508
0.13571254364968524
0.1363274953504038
0.14844846744238438
0.14832385579216123
0.15858176708834354
0.17197954027661413
0.17429595134774736
0.17724646180453718
0.18728012975294975
0.19121202742678597
0.1869432229354449
0.19120212579495977
0.20301627959291638
0.20420423120201597
0.20696100043330976
0.20698304136919604
0.2273851109131
0.22661792694875427
0.22132018059823244
0.22697425456474501
0.2355684832564129
0.2323320711921296
0.24180325374562417
0.24222334030406345
0.2487560236592978
0.26183011329620287
0.2629287522249467
0.26192968654173576
0.26123328186851735
0.26054463122290505
0.27111442770748
0.28086333227644883
0.27821493335031666
0.2863545655739623
0.28411310241408383
0.2842248610477059
0.28501401202644083
0.2901873088974133
0.28242090277041
0.3000850191543432
0.2845193749456105
0.3002485192294044
0.300955221558494
0.2903710692631798
0.3008173978513091
0.29550276984939494
0.30024107098452907
0.29742744052474795
0.30454548818775024
0.30965769177967767
0.3034711413699648
0.30550593125732955
0.2973706640828365
0.29971587013963746
0.3045064138014664
0.3052827562956978
0.30437878430111337
0.31361760401298144
0.2966197366234321
0.30441281196023895
0.3038608722780762
0.31088913240419147
0.295938212493533
0.2998000212212676
0.29209254830502085
0.28987248457487963
0.28846371585753205
0.28822800464681475
0.29826297879628777
0.2843367802014394
0.29370568201872516
0.29072369742520604
0.28612186040351034
0.2881652323361611
0.28302818872307883
0.27597357373436526
0.2769373904686681
0.27976737013874
0.2835808258614867
0.27327608180868246
0.2601887548276774
0.259410086336137
0.2687001880658234
0.2538468837712958
0.25014878826489445
0.2531553506613639
0.255752883594003
0.2432989700945407
0.24851236228717727
0.23482371010388883
0.22700176359944033
0.23146020011033516
0.22491179346107681
0.22353918108089002
0.213252756601013
0.21664918186089346
0.20567250803069392
0.20368791912119807
0.19925809729983335
0.18469646039702708
0.1992908913552161
0.1937869681363058
0.18876871856831132
0.1770979073686569
0.17853487778499796
0.16365020959453036
0.1637499185231205
0.1479814849287218
0.150744821351119
0.137695941482772
0.1341840107298711
0.12500070968027635
0.1362665792106753
0.12262464172842379
0.12058576043690292
0.10283535106405493
0.10086971219701071
0.10645696536142597
0.098952099365018
0.09424509558172549
0.07709914149978671
0.08112598399369202
0.07429071070076655
0.0647837479345526
0.06085117555387594
0.05174575841547767
0.05224314086864487
0.03983522749367916
0.024059815605190063
0.029816221107191156
0.0165679144536385
0.008487045941475632
0.005351195924478002
0.00690397891773324
0.0036403826782974765
-0.006772159369380254
-0.010083397549654686
-0.016180484314792118
-0.027194083125927977
-0.028455131497838376
-0.04846216529534046
-0.03936182934782537
-0.05964551511900089
-0.050525148598974695
-0.06415567876985469
-0.07851615914427287
-0.0785222282324344
-0.08255369114289937
-0.09313317243072652
-0.09120652027160502
-0.09628061302113965
-0.11544254652176295
-0.11819071667689436
-0.11967472688106705
-0.1195253179270432
-0.12754220729123322
-0.13471327506981018
-0.1408934709718213
-0.13594367962318807
-0.15440495013882422
-0.16198935166939413
-0.16808437677976126
-0.16887114520800744
-0.17696969962816095
-0.181164135708957
-0.1863620483500915
-0.17991329755574245
-0.18526086684051507
-0.1939238708522527
-0.20710503652879456
-0.20949588490077659
-0.20711944726062023
-0.21179886882578597
-0.22131092731929783
-0.22335854705092487
-0.22487876863837358
-0.228505074872345
-0.22965118306284416
-0.24263651178743245
-0.23823636385177155
-0.2524834263478495
-0.25128185533783054
-0.24420620996622863
-0.2508354381576879
-0.2568253094906749
-0.27242417029914334
-0.26776530099955403
-0.26662517843687206
-0.2667533655939683
-0.2826767784934241
-0.2736996843617365
-0.283551400535233
-0.27356779629446915
-0.27508637731523744
-0.2907898822017758
-0.2801588793086716
-0.2891448871038051
-0.2877064355509977
-0.29685659139013737
-0.30126211982614876
-0.30093592080327464
-0.29461635851336565
-0.30514460461769133
-0.29691172546554845
-0.3043387888440806
-0.3019125067882721
-0.30528201766691104
-0.3110631633086733
-0.3088845492798708
-0.30101404094553086
-0.29718229957750814
-0.30150469674268693
-0.2971049291393227
-0.3145779699871343
-0.2989021217291241
-0.30819166849259066
-0.30973083818509695
-0.3064259837933682
-0.3067045449216586
-0.3091160759882155
-0.3050954794520563
-0.3050530282209833
-0.291740189388688
-0.2936539364917599
-0.29656954097461474
-0.2933007090731359
-0.28685261233265436
-0.28499390313756134
-0.2986918762850659
-0.2866149089891102
-0.27734966694137464
-0.2869257750046332
-0.27286619065589884
-0.27269349726888453
-0.2809114596351538
-0.2685220572138357
-0.2748602188662093
-0.26474536144739874
-0.26609591821079265
-0.26695349646532784
-0.2516218548109556
-0.25660442765196284
-0.25891654199804104
-0.24795834663258715
-0.25265074223747824
-0.2413035427643118
-0.23863963392866747
-0.2429401296176691
-0.22954668375967155
-0.2185817665576052
-0.22760087610246812
-0.20963561616232265
-0.22038391280736783
-0.20659534137322555
-0.2039124208789429
-0.2014544029556777
-0.20145507462276643
-0.1956436757801785
-0.17913697468223602
-0.1780359491741359
-0.1744045267940908
-0.16593983722946484
-0.17317250881318236
-0.16368919342228722
-0.14469759997907858
-0.14026759768394764
-0.15012689914058602
-0.13368491876455896
-0.1374580944904301
-0.12689108582462819
-0.11215373032494233
-0.11963800146570928
-0.10116760830620851
-0.1137308965534386
-0.09153882164864878
-0.09248864586137948
-0.09522941158815436
-0.07752456692494085
-0.06948030376472235
-0.06351141665381213
-0.058502512986201766
-0.054589612628550985
-0.051076964052208323
-0.03827115545589091
-0.036194064419015626
-0.04291410941892361
-0.026635924058489854
-0.027003045583953854
-0.012416029780281009
-0.015340750422459904
-0.000750265722114625
0.000341671743324232
0.019450991541989017
0.019853593837327932
0.014622152938422173
0.024659705113283574
0.03276222038410385
0.033567581072378866
0.048086655980863625
0.05216024451005838
0.0509426759831988
0.06674494408250528
0.0719718583861233
0.07005100398842047
0.07390068989834854
0.08619196377900265
0.09787825344047418
0.10440851918096047
0.11333973725247948
0.10437187735201994
0.1200306596459457
0.11527603178520304
0.1259773484218874
0.13517239677820742
0.14559159547323636
0.13807786695488872
0.14337787757836423
0.14789508058252476
0.1576205125382629
0.15846943399652164
0.16416272574524138
0.1784117586958384
0.18390540873415226
0.18464686325278956
0.18038980165874208
0.19122804142837377
0.20086877984995727
0.20067102108833085
0.21247115014279244
0.22175393207447447
0.21873594537006835
0.22937549913779648
0.23374273628076425
0.23808108176549678
0.23135693188104545
0.24155969466064184
0.23793043210304685
0.24977588458295147
0.2524962173704597
0.2527469343708032
0.24773150269470098
0.2594649542191868
0.2559844401679158
0.25621153112000106
0.25962838276082684
0.26641480452196975
0.2800345438493778
0.2705210641243171
0.27855930397570267
0.28643844508355615
0.29317939469216736
0.27742533605005404
0.2915498348549287
0.299361762641494
0.2905986011414443
0.29233720623103054
0.28593709219104463
0.3000511616118215
0.3047425713705934
0.29374503207434277
0.3051408858700756
0.3092029305041236
0.30089832996051885
0.30123234815599736
0.2969181522939711
0.3032410090124827
0.3054560370692441
0.3072514527705821
0.3095192214074936
0.3013608004728145
0.2987699385648935
0.30061748430846913
0.30440313214793085
0.29963103084723736
0.3092795707535324
0.3109407210365337
0.29313509094948154
0.3094592842916924
0.3005741478232485
0.29659975740463
0.30675318921199346
0.29423651661923206
0.29100738330677417
0.30313119679267303
0.29382783867317513
0.28606254398134756
0.2804699928541012
0.2774174568193204
0.27655457560419355
0.28605667977758104
0.2811141601208726
0.2706786476140752
0.2809239334892016
0.2706488175651559
0.27286094657236754
0.27260394279417904
0.2721696176435665
0.25963244306567906
0.25026982037782436
0.24625071559003192
0.2571736858334381
0.24396479319488892
0.2479193635423238
0.23619815325376095
0.2281911652673553
0.2258322003577175
0.22096496298854373
0.22533151874699703
0.22040829318693556
0.20495355823654574
0.19972498783050127
0.19437175086445535
0.20855387380801843
0.18851011793990843
0.18828912505328477
0.18309329569115396
0.18331278712312196
0.17014606641749905
0.17916188619525428
0.17050272758839335
0.15716084642378741
0.14724197658526028
0.14104576552543213
0.14674881288548122
0.14098964181819545
0.12838338429597826
0.13656883015919824
0.11854558483623459
0.11266767857430651
0.11595679493150553
0.10819674890629374
0.106284892927383
0.09760922701778448
0.08752927920421608
0.08468528378574587
0.07018731339764568
0.07877163086766618
0.05691221532650102
0.06481258860943888
0.06144170780067849
0.0501795890485149
0.03800793316578238
0.02487178585355823
0.030514958945855736
0.01478361851390785
0.019394525831037596
0.007845303059712011
0.0037576556488171427
-0.002567833295451563
-0.0011538269280854819
-0.02340594976701519
-0.01212295045663784
-0.030912275922009975
-0.032790696413961776
-0.041196648776880465
-0.052037238923310455
-0.060324256571042095
-0.054058479469632395
-0.07303003789465717
-0.059992184599037976
-0.06716739142622999
-0.07646534933215403
-0.08162202227600339
-0.08619720641523045
-0.1001568808375858
-0.09611001800245787
-0.10137824365815151
-0.10994303647427675
-0.13086034719563935
-0.1309472492894421
-0.13297120069158472
-0.13476460651500416
-0.14565157252985694
-0.14157806866981548
-0.1496480335630128
-0.16019632620177185
-0.16580034218680062
-0.1789022041857222
-0.1734674020153227
-0.1874665964001557
-0.1848887062835104
-0.1875489121198281
-0.19026757915233625
-0.19809880617825631
-0.21136481133407609
-0.2097746121888471
-0.2059163681942307
-0.2153051967708986
-0.21900802953819684
-0.23468699242497496
-0.22247533554095458
-0.2298239477512101
-0.2326008157104367
-0.25044410837361997
-0.24019566588393537
-0.24485438925732392
-0.2544529319221434
-0.2503415231294788
-0.2666440749906016
-0.2681032134193702
-0.2646280224063927
-0.2779597293993619
-0.2628717019522377
-0.28266123150011696
-0.2667594950882103
-0.26935138670335734
-0.2761515063824179
-0.28552543274726955
-0.2948231864175714
-0.2820560208625567
-0.29846366864306895
-0.2832215520599148
-0.2940838986436607
-0.3002902571216734
-0.2961080897961724
-0.3023556670070681
-0.2905926797472746
-0.29341289156098654
-0.2972653108290086
-0.31098321825341746
-0.3089480078832249
-0.3024406319355281
-0.2951633791877568
-0.2985775191501145
-0.30379500548081606
-0.3029411973101119
-0.3137946529215076
-0.3051157569450104
-0.29760396052884047
-0.3146084180087335
-0.3087778625037957
-0.31354048647468885
-0.30854795581793215
-0.29785192643311265
-0.30682302959823615
-0.30781582689974424
-0.2906074873081496
-0.2940062665393879
-0.30024379764965464
-0.2972882895023352
-0.29377105110004414
-0.28392085074329776
-0.28476174800917425
-0.29279947268626416
-0.28869137183948584
-0.27665177176912575
-0.28750401069602344
-0.2814759301250924
-0.2670351966319023
-0.2683935851853624
-0.2748322751858402
-0.2702467577321581
-0.27033224110049714
-0.26321421637350795
-0.26683027081445115
-0.2548742843585363
-0.25641380810271036
-0.2440634429790961
-0.24458002026569842
-0.24818600347842226
-0.24583706265615607
-0.23343222163069263
-0.236417255442726
-0.21661727483033555
-0.2166537936140797
-0.20869468607860323
-0.22293072059543909
-0.2182417021619162
-0.20554881753817655
-0.20301861780304362
-0.18654762866944102
-0.1892080983876382
-0.18641625605113127
-0.18428612119484258
-0.18318468740307933
-0.1755281356369112
-0.1739297649926827
-0.16410071987895802
-0.1599175567878391
-0.15305577558510722
-0.14293765564702735
-0.13361154932423158
-0.13849135768934984
-0.13764609723329282
-0.11629231330625614
-0.1151418971185302
-0.11706318281373197
-0.10891224880032191
-0.1005805587577614
-0.08414989205955448
-0.07967931489590341
-0.07880693749780228
-0.06891266275807074
-0.07019785500270108
-0.05815655409225296
-0.048511776383225055
-0.058518605811966225
-0.041957491149225076
-0.03749067525798051
-0.034372295700251125
-0.02627293186828969
-0.02491282375556566
-0.006852427669783402
-0.017620225314663254
-0.012238258401993928
0.00033763886009601646
0.01484942916734744
0.023966859168171525
0.030179319866737005
0.01695777937768276
0.027338188307330494
0.03700171632767742
0.036965174785760044
0.05251848589830786
0.04980066928813316
0.0599987076787217
0.06450068225461383
0.07794027359427684
0.07776075538988003
0.08120836022572044
0.08705136234607362
0.10362645787005509
0.10049349375746705
0.11912744779657361
0.11392500272523033
0.12227593881321558
0.13199723935912241
0.1379762486523718
0.1279948443624138
0.1371848996086086
0.14052799782995462
0.15808798336932495
0.155158894571165
0.16677507688449195
0.16777178636217072
0.18003500505007378
0.17370129368962253
0.1898218040676306
0.18880802036676164
0.18597750836956647
0.20574174501706036
0.20063511386746552
0.21332123849530163
0.22108639107207906
0.22576489825325555
0.21325800026132663
0.22021655503096377
0.23069129330573288
0.22631806995104864
0.23378191971629142
0.2502098486084089
0.24971014829105043
0.255903625525099
0.2587317657155947
0.24757407478625515
0.2542245885228453
0.2687531770783146
0.2709264008774463
0.26341624800990704
0.2709448682311158
0.2802272165290985
